r/fwhm runbiw_local runbiw_local_err runbiw_fullframe runbiw_fullframe_err runbiw_fullframe_2.1 runbiw_fullframe_err_2.1 runbiw_int_ff_2.1 runbiw_int_ff_err_2.1 runbiw_int_iter_ff_2.1 runbiw_int_iter_ff_err_2.1
0.0 0.9546577325763922 0.08871068875754351 0.9522000637793022 0.08365238200985986 1.0020595231913374 0.11954014956693076 0.8052089203572987 0.1106385463579291 1.0056943541700882 0.04608869119911822
0.02 0.9935719291691487 0.054342475666450965 0.9958533054748855 0.04752709131027373 0.9724444975773346 0.05514646005378039 0.7875445945453688 0.10214602601827016 0.9967601194950864 0.05751093069987439
0.04 0.9642282997257167 0.03172578407026107 0.9730794205996959 0.03508736337094651 0.9674307446796622 0.03798128500614461 0.7670488253433143 0.06207945862132812 0.9892673771512303 0.038650907052313555
0.06 0.9530081299092027 0.04140269972148294 0.9670778670917046 0.03506638740737703 0.9683474837674027 0.034216084907159834 0.7712748930183416 0.04615226467276651 0.9898751859529651 0.04437374893641461
0.08 0.9468723461894201 0.02963780860823539 0.9713209546420555 0.0371961213522865 0.9597280877798539 0.032904057312316076 0.7583596082400372 0.045154816370589865 0.9646341995293974 0.036322495188023975
0.1 0.9307615704227891 0.026506252181846657 0.94203550841914 0.03076711755252424 0.9416584848998338 0.03219937539315261 0.7791853189933332 0.044315292702151725 0.9780022999688028 0.03960258328975808
0.12 0.9067119150110531 0.027730794458075525 0.9085479551572906 0.032140526572346055 0.9228061625723482 0.029992872062879625 0.7570143716301708 0.04016632646776844 0.9603498103278932 0.03616606304924518
0.14 0.9058177625881902 0.023413677393933876 0.903096966037512 0.027140415030795135 0.8884486934426848 0.0291017720609242 0.7309550539805718 0.03675622909932222 0.9359619550666617 0.03217325945597209
0.16 0.8760804440433748 0.02110585792691555 0.882424571270514 0.028784764470570903 0.8873315116103201 0.028390869679333196 0.7325494397615346 0.03205332331761661 0.9153856116666992 0.02988189618176447
0.18 0.8556859900750291 0.020724406582774735 0.8582387071487714 0.027970552181451894 0.8663607265773984 0.029182636154944326 0.7388039202516495 0.036194262268281936 0.9177530857370939 0.03522414114180161
0.2 0.8330800264335797 0.026617113979657797 0.8345883512131431 0.027263408188434094 0.8286051452422649 0.029958052866878283 0.6937816483166389 0.03174889440814715 0.8834809779428295 0.031758875344783444
0.22 0.810503179271769 0.022459108374195177 0.7998418408444105 0.025252612524155553 0.8045059883160703 0.026128610649940875 0.6775621590253744 0.03122788812444815 0.8487476184273437 0.032762276375715514
0.24 0.786947228479922 0.022304295004626842 0.7918261025186479 0.02842319226960759 0.7804892516373353 0.025996809074145696 0.6697307799769178 0.028333103252535935 0.8360516999676076 0.028393422910444565
0.26 0.7749063879033852 0.02194529483448026 0.7860233603650151 0.02793751734562424 0.7989696184141182 0.02612681201559776 0.6545667021830046 0.02942281266735349 0.8247185244722363 0.027465300671263113
0.28 0.749117429284247 0.02174725020603017 0.7614530053779365 0.025277237318666337 0.7536889940017507 0.02365738345298462 0.6737763838664688 0.027998870593628836 0.8547423891287529 0.030197076975845793
0.3 0.7278997541774249 0.020869217021313342 0.7396901055250528 0.024025860181155025 0.7353108628734746 0.024587694273747355 0.6472510044400356 0.02706278305963007 0.8097342445191478 0.027389121589786694
0.32 0.6978061412934706 0.02117412344924019 0.704353721084047 0.02453498781167323 0.7043764322917778 0.02352724351887335 0.6177886262088265 0.028006232995928 0.7838656797847804 0.027771369570388803
0.34 0.6762359680643494 0.02014807299078683 0.6746887875756343 0.022413637061807018 0.6784518236530929 0.023002066144428478 0.6165559254543445 0.022504662977964815 0.7767586583298439 0.024353973960020238
0.36 0.648898931195797 0.01982413507507688 0.6685521852542109 0.023305387887972557 0.6549665059219192 0.023530041735452364 0.5891932948481274 0.02447772067690985 0.7418355038958802 0.0261942370499006
0.38 0.6387887584178081 0.01870430704914227 0.6455691016781154 0.019666994303248145 0.6438823956975627 0.021927716780891258 0.5831149574410432 0.02600818301811236 0.7184982231482743 0.024746855441744396
0.4 0.6112218768128684 0.01621920473271208 0.6228842370670465 0.019918733903223844 0.6190599972553659 0.020748128240170527 0.5622025479506405 0.022665366978901553 0.7090550501423638 0.023914974490747063
0.42 0.5973783316040459 0.020686411503779416 0.6092515175722996 0.02178193544470431 0.6089099946045542 0.021406345244262513 0.5532630857001124 0.022406679690469184 0.6977640999990722 0.022726775216486753
0.44 0.5671592092590838 0.018138749710564308 0.5606564415337457 0.020274396686928424 0.5769090375674807 0.021795001728381884 0.5362109895462885 0.022146795420235458 0.6796845915150224 0.022812241016756416
0.46 0.5592157988481843 0.01855390412730442 0.5492230397206206 0.019959405549006767 0.559104955428934 0.019614744076516668 0.5127903575866799 0.021152528838699402 0.6487972262522491 0.02212958148342318
0.48 0.5251944272658452 0.01743918824966217 0.5435160093595667 0.02089470340291077 0.5297004521012817 0.020485920786251614 0.49573501375976725 0.019897840488466243 0.6206185039507267 0.021804792751625734
0.5 0.49630669266121985 0.01707620461363694 0.5104158922212713 0.018704650112471424 0.5180033088394695 0.01993991089203323 0.46883543650111537 0.019706290314411793 0.6151730014970748 0.02336193292076905
0.52 0.47484074244685753 0.01636499080337522 0.47827693494490153 0.019332172585708806 0.4877660981952278 0.01863506970427693 0.4691875892879726 0.019650251317378117 0.5957045655980695 0.02227465724172982
0.54 0.4673274205028918 0.017684061962874382 0.46250757283295146 0.01952020860146155 0.4668733084508725 0.019049457727333474 0.4464863951090562 0.020031418682011585 0.5766816754016124 0.022295034993285275
0.56 0.444231929361467 0.0168441612194512 0.44568005308740244 0.017965155220640208 0.44173755815626425 0.01821945319698119 0.4365744886055804 0.018953076282413245 0.5524044585024258 0.020837320312694915
0.58 0.41854742738924433 0.015785234640711413 0.42925676926557566 0.016315786794360503 0.41980942761620926 0.015917419572285808 0.4052970485149525 0.01926276784146068 0.5255813228922328 0.019224993008648557
0.6 0.39890797461720096 0.01469207525662909 0.39047664964058587 0.015286046241946948 0.39159942063931547 0.01621121930020515 0.3852005398166676 0.018324374481990275 0.4812708562735799 0.021201001294968793
0.62 0.3739139955490682 0.015140024762171357 0.37529356748295284 0.015952465684379802 0.3693283139733235 0.01592453790361636 0.373662705532856 0.016879310280061326 0.4776648463397191 0.018564621056073947
0.64 0.35734157101589836 0.01429572147587163 0.3504502366761969 0.015838375718447855 0.35604836639070675 0.015258221977354661 0.3502272012745875 0.015236110047560847 0.4333903468019653 0.017652672002806256
0.66 0.3377025987244681 0.013357434254353397 0.33736181953510896 0.014443466522177992 0.3382926953143546 0.015139231332007104 0.33365955845068296 0.015349650929221649 0.40591038113254774 0.01607309363334258
0.68 0.3223958284405088 0.013574396302664217 0.31979282319888097 0.014748704349370817 0.32154879379810747 0.014656526331829007 0.3187560551932535 0.017341445418572535 0.40723009434791235 0.018146729016509395
0.7000000000000001 0.305704911285921 0.014299841290118126 0.29943009325062286 0.013362643033474854 0.294311079600131 0.013359475560010001 0.30016460603210365 0.014892958590067933 0.38444467106008134 0.016581063593929184
0.72 0.2810352976746825 0.01231311419983886 0.27684931249423694 0.01287504973518897 0.27810437517176123 0.013556888919524916 0.2919889209717799 0.01435269937927484 0.3819786099669462 0.018235591626712164
0.74 0.26542279830912074 0.01272702279096232 0.26315854924265336 0.01362250866839984 0.2698887596055633 0.013013143640544528 0.2784419554471217 0.013962389219919968 0.3532663965741414 0.016096018105216364
0.76 0.24728784700665277 0.011654686221545002 0.2455798860647118 0.012380872059114385 0.24135010706936066 0.0127718243370873 0.26026654227036666 0.014324076350373027 0.3254552029428992 0.014704025888470569
0.78 0.23132975645476422 0.011619570639222416 0.22881875938211824 0.011952066914347791 0.2261544302057791 0.012113223038822686 0.23952535303382239 0.013193253427801687 0.3016639217133764 0.01442432123466421
0.8 0.2219306061602192 0.011748720988422959 0.2174477508454178 0.012128361867419545 0.21534415365979834 0.012303202571925556 0.22966327443424972 0.013018878373581748 0.2856484851058078 0.014128157476788526
0.8200000000000001 0.20881083010136228 0.011419446777794981 0.20212504201405226 0.01122832396375427 0.20991337925781517 0.01153818402761586 0.22126818523324657 0.01362384059063139 0.2779397219196551 0.013507145959429211
0.84 0.19348109991814813 0.010642514784809936 0.19373616666282004 0.011197102216185084 0.19112413709009785 0.011376470575807828 0.20922209827757296 0.012588776227930676 0.25701409017436155 0.013292057228719293
0.86 0.18480583204456733 0.010597488185000996 0.17472244441482146 0.011109701407569781 0.1768300489515328 0.010801096971976315 0.1945051837857075 0.011554865634416416 0.24282575367074347 0.012828829875029962
0.88 0.1732672530934892 0.010649501590856347 0.1706580896036229 0.010397578580555311 0.16992851334783418 0.010343425296655391 0.1831352489466118 0.011114014206457424 0.2326510475322653 0.01186389541326905
0.9 0.15599531833090957 0.010241181930239858 0.154150797209812 0.009735012086389725 0.1550836553442639 0.010063560977214895 0.17138815427841608 0.010861857110554167 0.2153980348366628 0.012631927084261987
0.92 0.1484999349770112 0.009614736358495501 0.1437508218879382 0.009726662126178393 0.14600574671818833 0.009963042996845395 0.1633469290141602 0.011107596164434701 0.19790890757600454 0.012513571359168038
0.9400000000000001 0.1423393463882832 0.009093914438219858 0.13814179669413768 0.009525256738019992 0.1385192001993562 0.009230864854148806 0.1533756829294298 0.010642948344798888 0.19222361597267593 0.011534363119718696
0.96 0.1325980108215416 0.009060297461811504 0.12716647257001287 0.008940996858722138 0.1284762070632991 0.008802704075347214 0.14452474014514027 0.009986332146220928 0.17901111831772204 0.011002365621544665
0.98 0.12111446233978813 0.008459025286573501 0.11945265076910568 0.00877213867066725 0.11936799192047573 0.008865081478942181 0.1348581176943973 0.010252711152727974 0.16571657806696052 0.010990959622031468
1.0 0.11735703005196402 0.008102672344708118 0.11447349629969573 0.008175473945072037 0.11443683103574376 0.008376434517743793 0.12977678037953763 0.009262784825188747 0.16222837265321688 0.010916001112968556
1.02 0.10774161066600728 0.008171844719569953 0.10268721279063228 0.007869910434478228 0.10469816450849645 0.008083930321511373 0.1207827966139738 0.009309784307019252 0.15617887990366014 0.009536399663855798
1.04 0.10351362442878603 0.007946578564899462 0.10075160336541504 0.007964199634364006 0.09785680982159294 0.008179973851037258 0.11821436139556166 0.00922469283057551 0.14316437511839175 0.010003493083407755
1.06 0.0955069662141193 0.007528915655263231 0.09551226579118784 0.00801171975008652 0.09452106603179221 0.007638706797585766 0.10533525431096227 0.008825511611336581 0.12860976123349743 0.009045075753035746
1.08 0.08691388666633984 0.007151720418135724 0.08684057744176206 0.007846618045624592 0.08988582393068172 0.007686917458454133 0.10011492733092113 0.00796100557103599 0.12404731884090854 0.008978176582116656
1.1 0.08281192081630229 0.007091087849002201 0.08286055199327903 0.0070082482288661985 0.08456112850637487 0.007061634931311464 0.09173102845667391 0.008052757665480796 0.11258652031992875 0.008570091599343008
1.12 0.07663585241947043 0.007020239106632824 0.07817356017805548 0.007144642875869027 0.07541952470114385 0.006998822296374797 0.09072842493129345 0.007908607215310582 0.10937637583662711 0.008643389839282194
1.1400000000000001 0.07088681769797045 0.006845778438421556 0.07369061225399356 0.007049319630027055 0.07228131806143531 0.0071212045032439985 0.084370842317347 0.00761133905506988 0.10524976458968485 0.008353907340195827
1.16 0.06949339662645436 0.006276256937353042 0.06620105750679696 0.006466825899808824 0.06624538344238609 0.006676525964100762 0.0799306212646932 0.007240193196535027 0.10054381920062083 0.008104854295575701
1.18 0.06459611579816048 0.006505393006181155 0.06105960566458275 0.006496674069398694 0.062349603612313204 0.006503682793096625 0.0744010072647456 0.0073988197318885845 0.09585262904893392 0.007926863617896575
1.2 0.05925002551176301 0.006210412683715026 0.058795728283159744 0.006117790153757665 0.05686175327633742 0.006299389339433976 0.07105906872874405 0.00709676562409822 0.08789381241724471 0.007919309062461764
1.22 0.05536198109621551 0.005712129926937786 0.056374398749914 0.00577909218873679 0.057218643205127116 0.005805881548708438 0.06425748441649236 0.0070510652173605545 0.07920053666118036 0.0075260055400528745
1.24 0.0504579505828192 0.005684309291729379 0.05212610280615202 0.005684151184883218 0.05252640139214169 0.005813813527598044 0.06310085279822387 0.0067983468900617945 0.0784079411760796 0.007198425474695691
1.26 0.04737532590738928 0.005327056543666008 0.04873519066555388 0.00549677532422298 0.047917388873217476 0.00558266097186165 0.05692633280281188 0.0067123178857672085 0.07060473431578783 0.007064273362037088
1.28 0.04391491261373764 0.00534573098485266 0.045669461747960535 0.005377208579082224 0.04463605663657406 0.005288947169249937 0.05604122381869802 0.006395853328905196 0.07046781473146481 0.00700877445944121
1.3 0.04146898989241305 0.005179031411089268 0.0415152159433272 0.005259603936146253 0.041813821185548404 0.005071894565316413 0.051281630886428994 0.006079436626726903 0.06554155305701803 0.006504833244784836
1.32 0.038634904716431065 0.0051404967292413605 0.038888563361270154 0.005133975926476054 0.03905203176644001 0.005100870772125865 0.0495979095424756 0.006020653133922277 0.06023420016270114 0.006358608788736043
1.34 0.03678716019107633 0.004935421131967272 0.03700889801300466 0.0049942055130026645 0.03679016008945078 0.005071168271265567 0.04634342506513998 0.005589142020060817 0.05639761873125325 0.006462726217938807
1.36 0.03386997978293858 0.004846645897082105 0.034677174238298566 0.005044881347612169 0.035000049420909764 0.00492973995762352 0.04231810882821696 0.00551515643920387 0.0544525659047657 0.005994528286386861
1.3800000000000001 0.032729801812474875 0.004817257190968434 0.03366859075945035 0.004688095658295163 0.03292082257879199 0.0046534848784184546 0.04080623646851054 0.0052919081556637455 0.048017551857361285 0.005970655891989722
1.4000000000000001 0.030170040740870298 0.004762419750222305 0.031527621747143374 0.0047935715398050895 0.030714396690842326 0.004724598734814238 0.03767839222642711 0.005415822623367732 0.04554462628135968 0.005397207414460077
1.42 0.027566891594793218 0.004690567080118767 0.02825616651075748 0.004730821822977903 0.028879245695307983 0.0046730412994519166 0.03518119226741019 0.0052229750906188175 0.043590415903968685 0.005618012210042819
1.44 0.025924834418896946 0.004388809034626185 0.026784165428662614 0.004672042387021151 0.02748060017718032 0.004457372750293451 0.0349870811753495 0.00494569882760766 0.04184580395433981 0.0057269352791356086
1.46 0.02325921784808152 0.004286681903610669 0.025717382681397342 0.004282242573953871 0.025606422630495652 0.004405245260880699 0.03121890935047712 0.004890160851649146 0.039066003244218585 0.005209404042868791
1.48 0.023250739870272027 0.004064569073243325 0.02256825256266731 0.004230392229400205 0.024119081021080784 0.0042258857396770795 0.029580610601632206 0.004867588217570835 0.03643803520890628 0.005125988736209321
1.5 0.021500341464874204 0.0042739444333068305 0.02253571137841889 0.004142452373320197 0.02113854237968469 0.004187717506616906 0.02874520560185869 0.00491275754317324 0.035708205754842355 0.005306695110362739
1.52 0.020288204050204452 0.0041519803165864086 0.02173399886681113 0.004077858412103785 0.020741930244329295 0.004163636842507394 0.026055582549739113 0.0047433661283360256 0.03226926532045431 0.004945177827081565
1.54 0.018949329048515453 0.004016495208501383 0.019792797156360464 0.004003280729548936 0.020096518612863733 0.003945579918091318 0.026286348790239847 0.004652487831255768 0.032209760897516676 0.005259288238120121
1.56 0.01744262769313657 0.0038039922961185203 0.018955196860051354 0.004012778305537421 0.019219548521548127 0.0038704448245498067 0.024011735392928817 0.004501439647547735 0.030587725201980512 0.004839071405409554
1.58 0.016524051298593453 0.0036926018243553516 0.01775440508052757 0.0036726866248786676 0.017468363587962794 0.003637450753976748 0.02265670549900512 0.00435306844950339 0.028488972500865746 0.004642650975445653
1.6 0.015293887025228894 0.0037143198892902584 0.016506706550668722 0.0035707693528310093 0.01674058118263434 0.0035510762491168745 0.022059463757446374 0.004331142315866699 0.027349501506989726 0.004564385857141416
1.62 0.01512302953932924 0.003683321309957591 0.015899939422070266 0.0037097853845377803 0.015429917504564312 0.00359789605025449 0.020818732114152902 0.004307898384269307 0.024331103894066685 0.004394647800911582
1.6400000000000001 0.01409129257076251 0.003503731054559969 0.014930349438621779 0.0035543151883266053 0.01493001839170871 0.0037134688029859166 0.018857008273888875 0.003840576044059513 0.022918185292041038 0.004606583178398404
1.6600000000000001 0.013090495902610067 0.00354905383462437 0.01409394742166337 0.0033767999548685646 0.014307521365813172 0.00344205146275548 0.01755457006641823 0.003875668299992566 0.021254894192303527 0.004165918429916695
1.68 0.012145286614800391 0.0032625856982753582 0.013664033551688005 0.003672198136511033 0.013311687189830773 0.0034589431800352093 0.016266572911444087 0.0036832901458375453 0.020143848979004585 0.004170011583773368
1.7 0.01159445004933491 0.0035195890236760703 0.012600796293111378 0.0036767696078823012 0.012484983480770694 0.0034660199450671117 0.01649719911180897 0.0038517332456848457 0.01897075643188072 0.004196117328944875
1.72 0.011313189766046755 0.0032876056393566127 0.011977913024104635 0.0033613842289990114 0.011941117561830404 0.0033818678650207505 0.015338993207902137 0.0036941968965998316 0.018489985623999814 0.0039137118395595385
1.74 0.010000307311758664 0.003187230761902422 0.011738283687608519 0.003415763423705211 0.011360094674704734 0.0034571577200878654 0.013469897844649015 0.003771672996961474 0.0175029403580206 0.004026738907911656
1.76 0.01035778382263499 0.0031652922946221814 0.010517399961169512 0.0033493166455456974 0.01034070359212212 0.0031761003321361812 0.013925240737332256 0.0035260824798699817 0.016906291541244064 0.003720107353938118
1.78 0.009072430525422708 0.0031658345228275818 0.01020348044703283 0.0031900117036710147 0.01028877277875563 0.0032153421105643146 0.012733601744658873 0.003522794651157308 0.015099204982788194 0.0037462138153322947
1.8 0.008186653952216837 0.003289495008257257 0.009176045250486601 0.003296188394699144 0.009839854682171412 0.0031167206883584565 0.01191366375246529 0.003537714742052693 0.015178848391920593 0.0038418626937276857
1.82 0.008267760007477138 0.003077482375403154 0.008783647601817775 0.0030923387912177003 0.008630732419880861 0.0031504520597831417 0.012048216929201268 0.0032501344521208607 0.014716463371817779 0.003930042497340626
1.84 0.007807255316391163 0.003132781285284442 0.00850522798299549 0.0031842034070701194 0.008430248034807648 0.0030470933962864896 0.011108576212777528 0.0033691731358594353 0.013827278644946346 0.0036540085135630678
1.86 0.006985725363859643 0.0029485298295446817 0.007816307011551447 0.003143401191221566 0.0080964532269441 0.0032427258083700078 0.01074008622651852 0.0032199028656517683 0.012947607184753768 0.003668495471323474
1.8800000000000001 0.006789913127860379 0.0028827080469801536 0.007676082553816402 0.0030068884828573527 0.00758715226518613 0.002919520282726173 0.010052549037881265 0.0034442640851089705 0.012208112351403816 0.0035833663326146083
1.9000000000000001 0.006034971281762166 0.0030970472570130067 0.00748889712210196 0.003121188296190768 0.007418509563654608 0.00291411817076138 0.009814387630899854 0.0033516259846034344 0.01109507197654133 0.0035123242240799857
1.92 0.006179817557301437 0.0027377876418269716 0.0066325714835046064 0.0029859651222588638 0.0072193226531212336 0.0027907322864430435 0.008743743346831326 0.003164357121619411 0.011133857224401068 0.003758807706731319
1.94 0.005781771225812936 0.002893643070345939 0.006683894169576067 0.0030882308050039753 0.00628636746859992 0.0030758434584319213 0.00826743182521959 0.0032477985752357745 0.010745408368407683 0.003525547698710838
1.96 0.005600326068425825 0.0027017064371758132 0.00613055484650747 0.0027635289749353377 0.006277883458430137 0.002717793555522652 0.008400590945247777 0.0031285778853812293 0.010625980476076283 0.0034137756880520745
1.98 0.005343596583337412 0.002597622442661071 0.006152233869084956 0.002845340316851153 0.005600920449292117 0.0028049476072142987 0.007593492275134952 0.0031419489258528994 0.00948589900328848 0.003493021222552546
2.0 0.005196683480388098 0.002739694110895046 0.005503804577157208 0.0027641796577495144 0.005666277802534769 0.0027640410837441757 0.007150578887741886 0.002877741959067929 0.008738553263016624 0.0034665894270204706
2.02 0.00470648347325918 0.002728171144049859 0.00529088546184449 0.0027307272666144316 0.005542795955677433 0.0026195535502317136 0.006848438516234364 0.003113376901998612 0.008795460720356803 0.003545531604322607
2.04 0.004196882043186898 0.002614062834190868 0.004939780202880642 0.0027996881909395747 0.005322851258125838 0.0027143492619015673 0.006526812001634931 0.0028577372588646237 0.007494899263001417 0.0033397416354395883
2.06 0.004277199676642429 0.002586746929745296 0.004774986139535796 0.0027706808371697434 0.0048793431212801495 0.0027538165918352744 0.006038714817549949 0.0028297215151958342 0.0073913673766097575 0.0032946302321636783
2.08 0.0039589152622060515 0.0026412454773477342 0.004424926839414626 0.0028341272752259064 0.0049071284311275375 0.0027130726746660964 0.006177432197196238 0.003005574112956021 0.007628517540180891 0.003330867557604777
2.1 0.003814664243845805 0.002718426036663886 0.004405669591497721 0.002601915045909035 0.004233416353951328 0.0027379946898711425 0.005794317789161816 0.0026758600966539092 0.007465662871666873 0.0030757848333515738
2.12 0.0034530940644653583 0.0023715098734533356 0.004098704314060986 0.002886204273909059 0.0038360917780249056 0.002666926004246345 0.005690888767306001 0.00288654396393811 0.006942424023637582 0.0032052385307409057
2.14 0.003381155021619403 0.002456474190463488 0.0035753066497480586 0.0026169717468775278 0.004170613677673588 0.0026697429099961467 0.004989943011081654 0.0027633597493846207 0.006442448673355867 0.0030533103945853722
2.16 0.003210809295258212 0.0024761919619015 0.003440752096560058 0.002604137172507096 0.0036674686687551182 0.0025717793368441886 0.005243412426944352 0.0026468174584833703 0.006278489711072263 0.003087392371053795
2.18 0.0025739927620434346 0.002467118860741111 0.0033027461679130364 0.002740915741304448 0.003616162775177847 0.002557076156651006 0.0048087339506387725 0.00271493006146296 0.006225454763680593 0.0033155645078262502
2.2 0.0029756984593366964 0.0024856718756971472 0.0035414622848341493 0.002675870223599343 0.003612511624036767 0.00251187935335437 0.004645340641025978 0.0026463892616403954 0.005712652421679868 0.00307352499215923
2.22 0.0025611962764668403 0.0024035295349452757 0.003553523846503977 0.002443505387489382 0.0032267861834038123 0.002487568250776999 0.004453401029151891 0.002725648586475854 0.005260992717398325 0.0031839519662949416
2.24 0.002330630952500843 0.0025339057638162 0.002982570882649524 0.002593241162342347 0.0028747783244710157 0.0024431047790557303 0.004151094183313847 0.002530162344086237 0.0052560253766372154 0.0030384173694059788
2.2600000000000002 0.0024208030782366602 0.002462168671742101 0.003153535585309324 0.0025344558605305658 0.0032500008062342736 0.002484758947367829 0.004066258074087415 0.0027345534569030434 0.00545521146892993 0.0032976599463952054
2.2800000000000002 0.002429060084151999 0.002263112979746334 0.002701699129013502 0.0025487528748744737 0.0029759516426772718 0.0026333855535655907 0.003871023837120517 0.0025883996178883138 0.004709223234810549 0.0032344120694019875
2.3000000000000003 0.0022600825781947994 0.0022981703191174707 0.0028590270228774036 0.0023269438202958453 0.0027115228698521925 0.0025023135718798073 0.0034331666761371754 0.0025737075111444564 0.004324576032723975 0.003088658209559071
2.32 0.0018523233495825783 0.0022853488943524896 0.002355085597933209 0.002496994413097034 0.0025762739215105927 0.002333749921217866 0.0034091455788793005 0.002581375653809612 0.004496197567544137 0.003137933812635957
2.34 0.0019246625213311082 0.0022654244678583105 0.002249984372498844 0.002586095862087942 0.0024089189091264524 0.002496020679578233 0.003214043195293161 0.0025364629443830914 0.004463312604487205 0.0030547991597898723
2.36 0.0021217172002583207 0.002224195448450268 0.0025476651056942344 0.002462565597544733 0.002297950981174803 0.0022369881534318238 0.0034798266425819005 0.002450257322139169 0.00402023890928484 0.0030309685784832927
2.38 0.001763585076021458 0.002138436504117058 0.0021273683971857397 0.002389610671331545 0.0021819916636146098 0.002366297605406598 0.0031194545770526255 0.0025840494123398625 0.0035644775196686075 0.0031307360531182904
2.4 0.0015005197269840954 0.0021275611071568815 0.0021565291601303577 0.0023691484995500512 0.0023493555910679875 0.002266852075792157 0.002931269025505647 0.0026136604897646722 0.003918334814755915 0.003382611948788334
2.42 0.00170834972363894 0.0022147151760963492 0.0019213286622388884 0.0024176679137609936 0.0021343624628253387 0.002453476442022772 0.002786221376774321 0.002471467774002198 0.0037462911771015683 0.003040192117108865
2.44 0.0016032455302850824 0.0021494331706009722 0.0016397796811913128 0.0024571374612444193 0.0018262474492364699 0.002327326062553327 0.002547448991519535 0.0022710402734925964 0.0034684019509176323 0.003156391554200871
2.46 0.0015631410304775448 0.00218541910434887 0.0013798007395428471 0.0024312866895959667 0.0017237190372147632 0.002327054987547517 0.002892994718957656 0.0024816189424164536 0.0033792820413177122 0.003233425593803672
2.48 0.0012711259052990505 0.0022124610355263932 0.001653997705632292 0.0022897281490391217 0.001720824764387505 0.0022526754653122566 0.0025637888003387913 0.002474600610266912 0.0032891495306921303 0.0030213674475374317
2.5 0.0013170032444979841 0.0021723290356743205 0.0018876385121566635 0.002403171627468453 0.0014823698263814987 0.0022380376726518604 0.00247303204929746 0.0023638926031850187 0.002955836889152198 0.0031454693496659595
2.52 0.001260299440890593 0.0021936942035880387 0.001285893667302095 0.0024052982650846245 0.0015571890506743875 0.002372086223026737 0.0021097927945790537 0.002297504247035122 0.002752992053584155 0.002927857443749116
2.54 0.0012954894359541095 0.00207199965869951 0.0016379540356726162 0.0022687004511565217 0.0014703403931113409 0.0022406330560077003 0.002157176417588358 0.0022873776686657635 0.002588228344409138 0.0030360857601067054
2.56 0.0011523042588678651 0.0020779071705545995 0.0012719236943144678 0.0022328363696265566 0.0013952729931032356 0.0021283473768093867 0.001879484700397317 0.002335698946689559 0.0025446503255292905 0.002935221760022322
2.58 0.0010416815656901538 0.0021478912959936626 0.0012027180613825566 0.002347064260715966 0.0012293093747842534 0.0022865754861107574 0.0017658897677477294 0.0023297542239622483 0.0026567551815961953 0.0030839300273203126
2.6 0.0010662466112361733 0.002060925297623689 0.0013904341644491618 0.002301890961251625 0.001328672921701491 0.0021872956734395 0.0018443135421349899 0.0024533551133125307 0.0023304398726622104 0.002949792291548554
2.62 0.0007743651273753739 0.0021346521575546025 0.0010173521712142715 0.002223488475764199 0.0012764808284915414 0.002296506024306878 0.0016855514164026062 0.0023279157121546094 0.002589745456868408 0.003070417879171529
2.64 0.0007764741393055637 0.002058905939223841 0.0009574077551740178 0.002318776443769434 0.001449502790736824 0.0022230023537203967 0.0017464856726617168 0.00221931487104738 0.002265784628506932 0.0031608997939681733
2.66 0.0008987547281429143 0.0020486920845371164 0.0010742391387845072 0.002256421719847154 0.0009558152460601513 0.00218713873653304 0.001541392892114905 0.002421589122869724 0.0024560105524193414 0.002909970553044698
2.68 0.000749810831634614 0.0021363994138169327 0.0008909444169526529 0.002232529680559081 0.0011189738075299822 0.0022028712365907313 0.0014752713480742014 0.00230636906258128 0.001917065023706205 0.0028838333881885444
2.7 0.0008121523954453504 0.0020551747842150036 0.000818868386625548 0.0021892695577727344 0.0010675251890876181 0.0022251416135506534 0.001134089330530055 0.0023690509489611164 0.001942642426308337 0.002791670249690339
2.72 0.0009538951796198862 0.00206452057515458 0.0008843703340726953 0.0022717946841286038 0.0009731941187801178 0.002107397847148741 0.001485929741394575 0.002101936911463544 0.002003453074350648 0.0030921890116058725
2.74 0.000536019280371087 0.0020910357268946614 0.0007228953044915705 0.0023263379639993764 0.0009769760819090226 0.0021199550913690397 0.001336663158014812 0.002284674558030266 0.0019680175210811117 0.0031145502616883574
2.7600000000000002 0.00047212702054897043 0.002009888121670214 0.0005028036793447494 0.0022792278048163125 0.0008465695594114765 0.002172899166261141 0.0011422349854328764 0.002195907737213699 0.0017665840515890773 0.0030375114629867207
2.7800000000000002 0.0003895474897091366 0.0020002256656474716 0.0008182707641547672 0.0022136299799670493 0.0009715075714616992 0.0022039350400070473 0.001235653807119413 0.002207499933126565 0.0019431714313997378 0.0030530389050138847
2.8000000000000003 0.0005730676662138952 0.0021151819049333694 0.0006374912777891875 0.0021889165194708005 0.001017192287459685 0.002210569084712746 0.0009544625301006615 0.0022092086137875558 0.0018617061153964071 0.003252761328979182
2.82 0.00037986838776633293 0.002063526962530085 0.0007856219190432194 0.002242169541336361 0.0004929868069051663 0.00217516487020033 0.001170112090937799 0.00211727511999499 0.001658686519984162 0.003116688653490267
2.84 0.0003890752833628985 0.0019351526223912376 0.0005607212173571182 0.002158770063443294 0.00070815784499616 0.002159774093027048 0.0012124894668487092 0.0021274712779130503 0.0016604021904899715 0.0032974167787500905
2.86 0.00020557845167706943 0.0019912999107751382 0.000399131091720034 0.0021696299834590496 0.0007733085137394762 0.0021042540962792383 0.0009665684970434827 0.002168887428797178 0.0016203213029597583 0.003463637278783399
2.88 0.00031466920483920946 0.0021962678695379304 0.0005975868157945865 0.0023168295475833036 0.0006206871705414958 0.002088040106406475 0.0009223788237734117 0.0020987684132576824 0.0017010400059701656 0.003064638585201508
2.9 0.0005051752534775929 0.0018974125985721996 0.00031541411569316753 0.0022455254674665875 0.0006159102020799612 0.002145954026443752 0.0008626747513449211 0.002262138000201888 0.0013446226649993875 0.003239732489611151
2.92 0.00035541269530698966 0.0018801853303896628 0.000539863018490063 0.0021383767622370972 0.0007908950179985795 0.0021486355875728834 0.001099301507660432 0.002119045616129832 0.0017437960801540424 0.003084216203640158
2.94 0.00023064335237329224 0.0018093915538866848 0.000641990969876506 0.0021365361172253176 0.0008853299795318341 0.002038429047960252 0.0007643278879064626 0.0021236065044446615 0.0010049054622875545 0.004035201591622021
2.96 0.00026684526438131614 0.0019561582927104713 0.0006760555002862793 0.0021550373975405155 0.000472385510469248 0.002065639620660452 0.0008904542241288119 0.002162443138565231 0.0014771902946779595 0.003276236716858839
2.98 0.0002130098912484918 0.001974025068457283 0.00011294334065524003 0.0022102253893180324 0.0004941419759727506 0.0021463941398815575 0.0008421534793682588 0.0021468031556183117 0.0012788039604768077 0.003062002682237522
3.0 0.00015691462102756804 0.0019263072450458195 0.0004163452855625691 0.0021312784968131613 0.0004053424640839846 0.0022086277784053015 0.0009628225765544098 0.0021482075586747246 0.0013389241315810325 0.003368674601345343
3.02 0.0003871842927791418 0.0018496598466300068 0.0004243526651528128 0.0021559270464992985 0.0003443180667184489 0.002104049785865781 0.0006149575492954484 0.0021162976448740336 0.0012330949027059069 0.0032360397490706462
3.04 0.0003468191100038728 0.0018383152406890556 0.00031044933439473057 0.002150956480203934 0.0005018541858148052 0.0020322472783901673 0.0006939266121582242 0.0021708686571539344 0.0013457236911626307 0.00336602096654755
3.06 9.667186340240995e-06 0.0018902840018226413 9.047967540202519e-05 0.002137456181123985 0.0005755106817023804 0.002007649634138842 0.0008916220746999305 0.0020651524614423255 0.0013730577154205455 0.003656727718751797
3.08 0.0001843516472257309 0.001985435891104995 0.0003181067979210512 0.002037393703996472 0.00030423204834116114 0.0020223833108018916 0.0006092532320720327 0.002184221301896323 0.0009374748414753051 0.003513897873480078
3.1 0.00019158493184998434 0.0019342609736859094 0.00030320187712398554 0.0021352559649499684 0.0003067482914935716 0.002137273453757679 0.0006010610034174557 0.0020745060430599252 0.0010627004693399493 0.003340653188902034
3.12 8.873850053754608e-05 0.0019915549020236853 3.572011183354716e-05 0.00211048580861132 0.00032789080277406484 0.002058596705189558 0.0006491968100323727 0.002086385042580096 0.0011056950091930808 0.003856944708207771
3.14 6.315843595073269e-05 0.0018864743065757326 8.683067928885556e-05 0.0022130936622636464 0.000294915292003838 0.00202254196028645 0.0005691044763331847 0.0020209383980076766 0.0010368755194523 0.0037030400673884823
3.16 0.00023582665481009914 0.001900954893753988 0.0002481104062017316 0.0019749294651894406 0.00030454774367792844 0.0018820017002798234 0.00033032370561509737 0.0021317755847958175 0.001148635708736975 0.004112650988631299
3.18 0.0001353912676404029 0.0018148903124872572 8.94838276279508e-05 0.0020459880461249492 0.0005418578464074825 0.001968457180236995 0.0005819856750115955 0.0020929244682353124 0.0007732760190517548 0.004311078397427642
3.2 0.0001515301481107097 0.0019006265888006015 -7.67580578591404e-05 0.00205530942040779 0.0004061159257787561 0.002092450938676808 0.0003419739436734624 0.0020831731770193074 0.0008663352226241595 0.0035852857644592135
3.22 5.1298642214856865e-05 0.0018577587371295438 0.0003513629496957134 0.0019306112470420715 0.00036445385407980687 0.001907328183305489 0.0004661720179855596 0.0019683204195728456 0.0010920290552483745 0.0036452635970586063
3.24 0.00013048539011797152 0.0018488929563765712 -0.00014011037971027273 0.002052147834127144 0.00028444147669510594 0.0019543079989383628 0.0006193144431635154 0.0019915001687257285 0.001059640445173137 0.003984066821800385
3.2600000000000002 -5.267630952101213e-05 0.0018686711287083915 8.832993762740265e-05 0.0021789782190950687 0.0004807720850603717 0.002013798005089371 0.0004518574107577499 0.001931734008840788 0.0008851023582436075 0.004414525796407005
3.2800000000000002 0.00012063771677164585 0.0018791793524399996 0.00028549185068899567 0.0020821633460800988 3.919096708612839e-05 0.002114143013428428 0.0005022294604454413 0.0019186549557640075 0.0013301337133576425 0.003921486022426284
3.3000000000000003 7.597929750502623e-05 0.0019517740632816838 0.00025158121082836764 0.0020789318568689152 0.00028186195084431486 0.001969597901715749 0.0004430692349700262 0.0020907318462600665 0.0007591696514096458 0.004082734968451632
3.3200000000000003 0.00012597603761592483 0.0019072502616246025 -0.00019262072577099778 0.0021549613147976297 0.0002760060037080622 0.0020152581708353405 0.00021418160171174933 0.00199655360075385 0.0006301383888580219 0.0050784845173115975
3.34 -5.6643305615341986e-05 0.0018980055224416482 5.787641651142664e-05 0.002115241505494025 0.0003497091840688301 0.0019080502928428057 0.0005021794059424257 0.002028027712784484 0.0006285736570737421 0.005324218052070467
3.36 9.427547271904756e-05 0.0018694892804108484 8.802486480287243e-05 0.0020808451234585255 0.0002993533100887734 0.0020580510293385784 0.0003532898803208999 0.0020693966364416293 0.0008816992300005997 0.004417601672427447
3.38 1.534445677820606e-05 0.001797899751472844 -0.00016199244426161222 0.0021794037002915256 0.0003267972147718838 0.0020548387175716716 0.00026785375993617245 0.002020831814846829 0.0006293859145326758 0.005658489868780906
3.4 8.35333947992399e-05 0.001879255976463298 0.00013698089044765981 0.0020391188131283658 5.534336171460037e-05 0.002090640515890124 0.00023451725978078475 0.0019231711038087801 0.0006576486761550589 0.0054450472722018155
3.42 8.674536070603908e-05 0.0018286062725545004 4.0627824845506326e-05 0.0020764814225826124 0.00017620848655660256 0.0020840255473734072 0.00021726566224108954 0.001947137905479224 0.000627812248925345 0.005114664581322372
3.44 3.23459248295565e-05 0.0018930433560398943 -0.00011216676633721823 0.001959259742519816 0.0001684377980654512 0.001967722655319402 0.000367121545962274 0.0019655111247246686 0.00044893032529144607 0.005362845415429539
3.46 1.2570475263342322e-05 0.0018442258842441782 -0.0001348169592673518 0.0021215561772632468 3.9922881584657585e-05 0.002019838728062353 0.00029804813247065476 0.0019645161540550998 0.0007718097551547065 0.005143431323420855
3.48 -0.00012195116653480686 0.0017769711942863349 0.00025474688308535926 0.0020094226607866605 0.00014406023029601625 0.0020497584315867967 0.00034380783055382906 0.0019063012338517693 0.0008123711302267054 0.005131075457635251
3.5 -0.00015335128831956752 0.0018306375227287181 -0.00016903490166682137 0.0019826231057008124 0.0001890885727953762 0.0018815293345073234 0.00032943099780723627 0.002004470381313575 0.0007274805687129391 0.006548302936831898
3.52 -1.3651656181364638e-05 0.0017036284634858454 8.0984753066744e-05 0.0019683747653967947 0.00032982598586288445 0.0019424037212546275 0.0003843019060632723 0.0020558516811831884 0.0004597136421970357 0.005289797354332639
3.54 4.2878647667624466e-05 0.0017957544462951236 -0.0001950073918867098 0.0020506779868239623 -2.219436352583542e-06 0.001912151819433247 3.464847386835105e-05 0.001959162407431982 0.0006506478821081994 0.005292112039923609
3.56 -0.0001591496224621008 0.001841053069905435 -0.0001760533384514908 0.002044091584320397 8.621532388340545e-05 0.002014121065032102 6.0520736310410914e-05 0.002029859721868458 0.0006122454123520709 0.0051194777988696465
3.58 -5.099872681288453e-05 0.0018433939664221533 -3.5297685962778134e-05 0.0019131333654202097 6.073516210147423e-06 0.0017994283813430097 0.0004521532379836857 0.002041968293284762 0.0006091378841927681 0.006334762562453493
3.6 -4.0656049037107543e-05 0.0018528584128454189 -0.00020042384654915183 0.0020171098169757687 0.00015577442640047785 0.0018549847494123183 0.00024393079002246694 0.0019496545652337046 0.0006152282732690079 0.003961934106807575
3.62 -7.058284774947526e-05 0.0017620425661666619 -9.194863822925557e-05 0.001988203260083255 0.0001006531885116274 0.0019866608648770444 0.0003674738866830709 0.0021350381285997625 0.0006139138051103171 0.007097792831048908
3.64 -2.1995932008764878e-05 0.001809721667108202 -0.0003483613836430184 0.002016988395235991 9.982891528261095e-05 0.0019512360481587878 0.00026650754147749715 0.0018989489651623107 0.0007860102807062945 0.005956320243465422
3.66 -3.634131637285047e-05 0.0016924924843355039 -0.0004703492375453576 0.002042575357596196 -2.1524292410877175e-06 0.0019903132844758314 0.00012481249104018475 0.0019026053123911233 0.0006707641874234902 0.006263184341438203
3.68 -7.396214596122474e-05 0.0018031044337264131 -0.0002872551021692203 0.0019232572050068546 1.5400978771442796e-05 0.0018284016554723705 0.00010077642017133517 0.001977200330484522 0.0002250189741620188 0.008314472619559551
3.7 5.4347912373768895e-05 0.0017580515696221835 -0.0001881166230206752 0.0019724263132425528 -1.596164293732132e-05 0.0019326194683838582 5.226593071922347e-05 0.0019731329719492436 0.0007226024335467423 0.007771546429451491
3.72 -5.8757486447488024e-05 0.0018345897948300839 -0.0002499027638086263 0.0019564664211453417 0.00019158855972327795 0.0020026740877143703 0.0003581971569110976 0.0020515984138873697 0.00040740002168978493 0.0076555640193402
3.74 -0.00019085069733062313 0.0017823301298721488 -5.550951139503463e-05 0.001933238488468927 2.2152814177016334e-05 0.0018970870002678602 3.7494609469459144e-05 0.0020086947646405524 0.0004969380645110313 0.006756605858196347
3.7600000000000002 9.942069193927536e-05 0.0017898551201426028 -0.00037760785860785714 0.001934676056288985 0.00019764829728191456 0.0019089749102688806 8.285110097284578e-05 0.0019322043056096256 0.0009895622476371092 0.0070633128331811105
3.7800000000000002 -2.324108557024066e-05 0.001719894534114826 -9.640317985880746e-06 0.0018735454572848815 0.00017878180898312076 0.0018597955384789169 0.0001061153280082088 0.0019019435378755975 0.0004911278203128349 0.008768452286864632
3.8000000000000003 -9.81168624174772e-05 0.001676578591575246 -0.0002458030757028515 0.0019189042885607856 0.0001523793595149197 0.001849970622078943 0.00014584922333258428 0.0020347253533981664 0.00022290820468714455 0.007164511477136302
3.8200000000000003 -0.00018116171269179826 0.0017515691919646875 -0.00027054975569125293 0.0018560881769158777 -0.0001738612862407896 0.001828983899763817 0.0003085706177946693 0.001872301706654608 0.00047496557282758153 0.010592209774205009
3.84 -0.0001790583853193222 0.0017288098829522018 -0.00026289781724792726 0.0018464164080236965 2.0698181775727104e-05 0.0017708408338358954 -4.052717242489218e-05 0.0017463495900978036 0.0007301000575463138 0.010732230013106409
3.86 -6.798353871876307e-05 0.00168384298631579 -0.00035370536910534254 0.001999686730595833 5.284995153108204e-05 0.0017538092417825769 7.282529355237216e-05 0.0018551144766720533 -0.00017398960219428634 0.01668305271789698
3.88 0.00010137761132752325 0.0017505667608924758 -0.00017192020396117162 0.0019265791348781888 -6.641333951037752e-05 0.0018330410238800365 0.000280590956846725 0.0018258543096674822 0.0010108261431392854 0.007038034632883814
3.9 -0.00017196720737853023 0.0017338968941902012 -0.0001835310307134645 0.0019403649173559535 0.00012417364458394649 0.001939666773654859 2.6947241731398365e-05 0.002073634703290762 0.0007776547846847019 0.009063461373668572
3.92 -0.00012842772163425826 0.0016332512417891979 -0.00044859295649510886 0.0018886661523486972 6.170921536082039e-05 0.0018798692575358994 0.00011975701194971822 0.0018976827328323672 -0.00024514821680071274 0.013098891635680268
3.94 -0.00016922395896976495 0.0016979435740718145 -0.0003871144190993685 0.0019806662341595874 7.711857863479705e-05 0.0019135337813372777 9.500773769411319e-05 0.001919826480267532 0.0005072733363669161 0.009597909572694248
3.96 -0.00013521189176632782 0.0017738707302354315 -0.0004828782554787028 0.001931736311705574 -2.7472040303603537e-05 0.0018278132724708577 3.4381462069486455e-05 0.001812050957300419 0.00039632455316507037 0.01054581542442348
3.98 -5.736795565398399e-05 0.0016936314329609624 -0.0003699757726997919 0.0019511042860273877 -0.00021664312760586346 0.0018391458077490447 0.00018289462746266615 0.0019825756445340076 0.0005937301635491874 0.014475851192154715
4.0 3.171998371658707e-05 0.0018147638562869591 -0.00016038496460559512 0.0018870069974509943 -2.0602371890087176e-05 0.0018346940739229455 -7.283589250352965e-05 0.0019259522044684486 -0.00029179791682457546 0.020331626944445836
4.0200000000000005 -5.072265658841995e-05 0.001734393454070556 -0.0003621457535582965 0.001892550893249133 -1.1938586009039667e-05 0.0018946948245519787 5.231321014274312e-05 0.001946939208708767 -0.00018900010553685607 0.007610124830802292
4.04 1.1185536753574796e-05 0.0016729987230191682 -0.00045734739869058633 0.0019523747260745152 2.5103623938974726e-05 0.0017684768819740161 0.0001003234872731578 0.0017875870499433665 -0.00017226000941106606 0.016307087824158115
4.0600000000000005 -0.00023852052863550913 0.0017175844904458322 -0.0002778600476971146 0.002047650928387632 -0.00014684069207732914 0.0019235779924923232 -0.0001884021955258967 0.001789673454022547 0.0004089831638887485 0.016201109722322804
4.08 -0.0001723277057476032 0.001808586067152219 -0.0004018939385907251 0.0018845993906688157 -1.055878665136589e-05 0.0018820646025619566 -6.843347100879951e-05 0.0017655126484708765 -0.0004338392580109985 0.012355618651113575
4.1 -8.088736378763828e-05 0.0017071600284918628 -0.00036675920104563503 0.0019308714550753123 -8.957707142599207e-05 0.001779517474932908 1.3812581954872308e-05 0.0017657458960136224 -0.001800114096027376 0.02426222929131987
4.12 -0.00016950707750476053 0.0016808987486361957 -0.00026885239515544106 0.001805078985961529 4.700061932505743e-05 0.0018223758583746786 -1.983096291119333e-05 0.0018028120183018386 0.006850913082191041 0.0
4.14 -6.61447670466727e-05 0.0016844374327649187 -0.00026343095038387955 0.0018831645382392937 -0.00018759869521902843 0.0017505146256187023 8.08316947882985e-05 0.001780353750488834 0.00029994870726464016 0.0
4.16 -0.0002144256911217877 0.0016566873446945273 -0.00030991697148978204 0.0017898259646552332 2.0842812113293004e-05 0.0018114407192037398 -0.00013820273306653394 0.002025100406664936 nan nan
4.18 -1.800197786561542e-05 0.0017660796657187959 -0.00033219235045493485 0.001933027110864601 -5.555960220609357e-05 0.001827334171513463 5.244427270755978e-05 0.001781771255716918 nan nan
4.2 -2.1464795841784834e-05 0.001732435253566088 -0.000499484861200792 0.0019377113023973957 -6.416403385786544e-05 0.0017606487344484654 1.391795513883064e-05 0.0018647394390085784 nan nan
4.22 1.685311028512874e-05 0.0015977457212092774 -0.0004766681895779275 0.001888092039194708 -3.9922364141678685e-05 0.0017600315394321602 5.6108961804787465e-05 0.0018516943753609815 nan nan
4.24 -0.00020303281877964835 0.0016639683018720064 -0.00037598154628702544 0.0018046615389240215 -1.540954120940857e-05 0.0017964856796254761 3.3432346218129376e-05 0.0018698417621121391 nan nan
4.26 -3.510803755897969e-05 0.0018327475983909622 -0.000397449047685275 0.0019064199748502228 -6.870702735064114e-05 0.001850380580960104 -4.2464378571528704e-05 0.0018813302981073956 nan nan
4.28 -7.529037642655146e-05 0.0016470995971511063 -0.00025451656190661 0.0017644224676365509 -5.03573247898138e-05 0.0018468429077545146 5.55027007686075e-05 0.0017088124213053483 nan nan
4.3 -0.00020374195217508686 0.001655112137605056 -0.00043444703820987637 0.0018556667239855008 -0.00011081494850154254 0.001753251627691126 0.00011918198718464528 0.001847515010915682 nan nan
4.32 -0.0002902716192962157 0.00168592855972388 -0.0005304773148981357 0.001916672390939167 2.9218986244165386e-06 0.0018386467997184945 -4.6671624496500954e-05 0.0017993019061594562 nan nan
4.34 -5.9863987752198074e-05 0.0016651341528031451 -0.0004298313457020883 0.0019480952700061003 -0.0002851064480168022 0.0018190007434257512 9.669965226080303e-05 0.001853246099009564 nan nan
4.36 -0.00014339467543028934 0.0016404729900308525 -0.0004339169793702226 0.001858793985350566 2.5028591092751925e-05 0.0017872676483354194 -7.227538612419494e-05 0.0017499527294620812 nan nan
4.38 -0.0002932894296907292 0.0017209105393765137 -0.00031021678712996845 0.0017596497895850166 -3.118920262035409e-05 0.001811248044625076 9.363799012702031e-05 0.0016942839645672002 nan nan
4.4 -0.00021590638967213817 0.001605879359271388 -0.0005705730003134674 0.0018774827821318168 -4.550442043563743e-06 0.0018647049945073205 -4.149177104059151e-05 0.0018321234810622317 nan nan
4.42 -0.00022424448802601052 0.0016551590172199247 -0.00030528043684972247 0.0018213716747459135 6.929249658697989e-06 0.0017872187840309321 -6.521066536417002e-06 0.0017807517485901147 nan nan
4.44 -0.00022353018309021272 0.0016820137625066095 -0.000269142582538252 0.0017581951059385428 1.817140792176455e-05 0.001824467436135904 4.074800510228246e-05 0.00184522847263658 nan nan
4.46 -0.00010712596557495021 0.0016878763403185542 -0.0002910425977127822 0.001774358936081535 -3.605078476249576e-05 0.0018434030995392995 8.965268473439038e-05 0.0017408622045548018 nan nan
4.48 -0.00018188217820670925 0.001744439945025611 -0.00037919941832767826 0.0018632538723588638 -0.0001515324209523559 0.0017857201568889029 -9.072328319083514e-05 0.0018283268765895114 nan nan
4.5 -0.00020244873754720558 0.0016954897119718431 -0.00025612927232261396 0.0019346916111659545 -9.487483136414596e-06 0.0016396475835539581 -4.3618506540503364e-05 0.001887851252375649 nan nan
4.5200000000000005 -0.00016736094722901064 0.0016486161519185748 -0.00035393829048975127 0.0018263628565390083 -6.480828272622613e-05 0.0017489695601469104 -0.00015363279355144294 0.00170093441119105 nan nan
4.54 -6.229103462873662e-05 0.0016400044390092463 -0.0003122907426010637 0.0018190264059965483 -8.801069677620206e-06 0.0017647968594647024 -5.8671087666819504e-05 0.0017803537305441685 nan nan
4.5600000000000005 -0.00013942936622028624 0.0016641561725300946 -0.00032205584671419314 0.001852618857415303 -0.00020703692942083306 0.0017273793108906518 0.00013336172100335313 0.001719810828777072 nan nan
4.58 -0.0002124095409556539 0.001745055201893387 -0.00032801730377077416 0.0018454669448207774 0.00012851358532511506 0.0016909419800525535 -7.09408902862823e-05 0.001822400080663981 nan nan
4.6000000000000005 -0.00020344068908969003 0.001586793426340336 -0.0006198935392433026 0.0018215274012798677 -6.755815926307778e-05 0.0018962711800847095 7.920039366155805e-05 0.001755510579989041 nan nan
4.62 -5.163796030597188e-05 0.0016312306183825283 -0.000531586683522583 0.0018435566988099774 -5.472300180264924e-05 0.0017520326191333986 -5.124094505469004e-05 0.001828126032226459 nan nan
4.64 -5.672900845123722e-05 0.0017147393311265965 -0.00036793585536212657 0.0018869713700799082 -0.00029270568414753245 0.0018074484995980716 -0.00010252374863830358 0.0018042671428158002 nan nan
4.66 -0.00016244560805798335 0.0016760422879909774 -0.00037910795085282904 0.0017795256328431855 -5.9895355408006236e-05 0.0017610502831014773 -8.10538997384688e-05 0.0018263611064737175 nan nan
4.68 -0.00010016904721516716 0.0016410091208249157 -0.00044483320925387795 0.0018455046115402778 -0.0003572190611803512 0.0017719247913738254 5.1104237681569864e-05 0.0017151460169207958 nan nan
4.7 -0.00029994044439261885 0.0016145996241577478 -0.0003238902414345004 0.0019020174867230605 -8.389982545524885e-05 0.0018201833700918237 -0.00023764676505168844 0.0018480777072851294 nan nan
4.72 -0.000297373508047495 0.0015859834083504166 -0.0003992838659523085 0.0018067860959590613 -5.8085264594895206e-06 0.001705052983937847 -3.836737181396346e-05 0.001799707181388933 nan nan
4.74 -0.0002265420162119648 0.0017631669647119796 -0.0003511473351693722 0.0017097167604351877 -2.9151086284838343e-07 0.0017799565007574746 0.00012438611350650022 0.0017615707315064607 nan nan
4.76 -0.00012236097876154925 0.0016338523241284095 -0.00046327462294166056 0.0018459764171620987 -0.00023771923707165637 0.0017605288283631514 -7.261325740992175e-05 0.001750455817205295 nan nan
4.78 -0.00014264666142467877 0.0016536961867624986 -0.0003441613845825599 0.0018171648876363128 5.3287638197881796e-05 0.00169252700826477 -3.088292918383867e-05 0.0017266563554778512 nan nan
4.8 -0.00016276300238078002 0.0015852314725004315 -9.538468758045832e-05 0.0017983484171985057 -3.799559108644949e-05 0.0017691048859199724 -0.00028871337826980904 0.0017882866212839783 nan nan
4.82 -5.666407386220298e-06 0.001643433903310365 -0.0004340092161928575 0.0018465691290175835 3.89117416094055e-05 0.001692827771675256 -0.000101185450082277 0.0017384978466546909 nan nan
4.84 -0.00012645661027465256 0.0016724419872709358 -0.00043937873253228833 0.0018556315647461318 -7.501499016586617e-05 0.0018424547179467917 -6.62919064614127e-05 0.001792674175185643 nan nan
4.86 -0.00010393186680771921 0.0017021078026996077 -0.00042267700157667834 0.0018579701161172838 0.00013441236178660565 0.0017813730509261883 7.439167429420798e-05 0.0017785404684749267 nan nan
4.88 -0.00011541392432010734 0.0016289331621228494 -0.0005488388295525248 0.0018969557054331172 -0.00011467051583991244 0.0017359096835268524 -7.505691434780656e-05 0.0017385536132838492 nan nan
4.9 -0.00016064075102709168 0.0016465397608084183 -0.00019569966854444284 0.0017353548397129955 -6.577339757289633e-05 0.0017532945587857207 -9.861792509198116e-05 0.001679831396245025 nan nan
4.92 -0.00013334498483830306 0.001597856847809583 -0.0002861961071601292 0.001767814842057673 -0.00011500922107943996 0.0017677561220252186 1.2185246710592405e-05 0.0018831886452506095 nan nan
4.94 -0.00014571163198599715 0.00171299103403916 -0.0005403051897003158 0.0018360182322741826 -2.6761994254246998e-05 0.0017188105206684275 -2.9492611012400403e-05 0.001735102257705546 nan nan
4.96 -0.00011757912639451885 0.0016626437312539741 -0.0002843258436730479 0.0018973080689683145 2.991062003468166e-05 0.001710037858594494 -8.432221629589547e-05 0.0017902103126512842 nan nan
